0  -2.71783510353301
1  -1.37205451375209
2  -2.40749830351879
3  -2.40719868236409
4  -2.40665225844335
5  -2.40597415425925
6  -2.40470282281433
7  -2.40443996957625
8   0.702175659018321
9   0.0406038529823329
10   0.060961006587103
11   0.0831206692576779
12   0.0144602855371812
13  -0.660502713011311
14   436.459325977267
15   0
16   0
17   0
18   0
19   0
20   0
21  -2.71783510353304
22  -1.91155516920951
23  -1.9095588974393
24  -1.83213187254225
25  -1.78206169079078
26  -1.74184931537983
27  -1.32788719978521
28  -1.50803748096739
29  -1.5083570662003
30  -1.51792210715524
31  -1.45599561735729
32  -1.46762996208033
33  -1.48305453318386
34  -1.41364653086418
35  -1.45711522921341
36  -1.45899586712185
37  -1.45354516576292
38  -1.45358846917835
39  -1.45446317271909
40  -1.45417815273334
41  -1.45431447949288
42  -1.45427242072428
43  -1.45429428454646
44  -1.45429240910775
45  -1.454291856348
46  -1.45429132840258
47  -1.45429179799485
48  -1.45429149663011
49  -1.45429163172033
