0  -3.1269419082697
1  -2.84912476968476
2  -25.3113953251726
3  -11.9886564229992
4  -7.97999590157299
5  -8.45143605872889
6  -4.61231705022033
7  -4.83676217240838
8  -15.5442302534238
9  -69.187445977182
10  -95.177568604024
11  -39.5453896292878
12   26.3849672556533
13   7.80160363130591
14  -7360.22517472163
15   0
16   0
17   0
18   0
19   0
20   0
21  -3.1269419082697
22  -3.05207026946611
23  -2.134107776064
24  -2.12031502570163
25  -2.10027177675967
26  -2.09360585926334
27  -1.78362065038393
28  -1.62611664381658
29  -1.7003749431909
30  -1.54506238981422
31  -1.12016768458653
32  -1.10917378583106
33  -1.38408731657437
34  -1.64912101555613
35  -1.79945679772557
36  -1.59402759013403
37  -2.22166216940522
38  -1.34914509091532
39  -1.30956348713816
40  -1.45403047088381
41  -1.39339686217875
42  -1.34990938774279
43  -2.91026548549674
44  -2.67359727403597
45  -2.41196313599099
46  -1.68839198231023
47  -1.84248184288851
48  -1.81103948759765
49  -4.15283574916992
