0  -10.8077231496242
1  -4.70746863013973
2  -16.1166198179177
3  -8.55853962871215
4  -6.97254648711593
5  -7.03946584942582
6  -7.27822202611295
7  -7.00493177257753
8  -6.61689100988279
9  -7.42796527951521
10  -7.40945854046454
11  -7.77660054316609
12  -5.68861765897155
13  -7.02776282616125
14  -6.79702340421709
15  -6.44377957422122
16  -6.62067025112
17  -6.0581062964316
18  -6.4335411215984
19  -6.54016777763855
20  -6.5394321504011
21  -6.56952844582996
22  -6.55609229215103
23  -6.9202916845424
24  -6.92571830989476
25  -6.72822756068869
26  -6.4728237563828
27  -6.35887165726073
28  -6.38522939591703
29  -6.45835004621583
30  -6.97418160766458
31  -6.88088191323752
32  -7.09781653906902
33  -7.14115469241838
34  -6.63993769204801
35  -6.63111939095499
36  -6.63984378596284
37  -6.69123775133586
38  -6.71213940634847
39  -6.64208904218667
40  -6.66425294137997
41  -6.69751307219502
42  -6.72412902596929
43  -6.72011689376401
44  -6.66442277815803
45  -6.75260759247704
46  -6.71116836950849
47  -6.95791449055552
48  -6.64409317157196
49  -6.86789444984341
