#mp2,lyap0,level_shift_0.1,level_shift_0.2,sigma_0.1,sigma_0.2,kappa_0.1,kappa_0.2
4.50  0.781436  0.043076  0.396376  0.240138  0.652303  0.392819  0.544833  0.200334
4.60  0.833228  0.043692  0.416119  0.249969  0.686883  0.407655  0.566616  0.202534
4.70  0.886313  0.044275  0.435908  0.259706  0.721494  0.422222  0.587751  0.204448
4.80  0.940639  0.044826  0.455719  0.269341  0.756083  0.436513  0.608220  0.206097
4.90  0.996163  0.045348  0.475535  0.278870  0.790608  0.450528  0.628012  0.207502
5.00  1.052849  0.045842  0.495340  0.288289  0.825035  0.464268  0.647121  0.208681
5.10  1.110667  0.046310  0.515123  0.297598  0.859336  0.477736  0.665549  0.209655
5.20  1.169596  0.046755  0.534875  0.306795  0.893491  0.490938  0.683304  0.210438
5.30  1.229619  0.047177  0.554590  0.315882  0.927482  0.503880  0.700393  0.211049
5.40  1.290726  0.047579  0.574265  0.324861  0.961299  0.516569  0.716831  0.211499
5.50  1.352913  0.047962  0.593897  0.333734  0.994934  0.529014  0.732630  0.211803
5.60  1.416179  0.048328  0.613485  0.342503  1.028382  0.541223  0.747806  0.211973
5.70  1.480529  0.048677  0.633031  0.351173  1.061641  0.553204  0.762375  0.212020
5.80  1.545970  0.049012  0.652534  0.359745  1.094710  0.564967  0.776354  0.211953
5.90  1.612514  0.049333  0.671998  0.368225  1.127590  0.576519  0.789759  0.211782
6.00  1.680172  0.049641  0.691423  0.376614  1.160283  0.587868  0.802607  0.211514
