#BASIS SET: (16s,11p,5d,2f,1g) -> [6s,4p,3d,2f,1g]
Cu  S
1126459.355454   -6.373776e-05  1.289461e-06  8.379735e-06 -1.195961e-06
168252.892639   -4.993176e-04  1.044609e-05  6.538723e-05 -9.450479e-06
37980.274842   -2.646774e-03  5.383427e-05  3.468072e-04 -4.960022e-05
10688.535739   -1.112390e-02  2.507783e-04  1.430801e-03 -2.131056e-04
3468.998199   -3.927041e-02  9.408992e-04  4.903417e-03 -7.508281e-04
1247.190916   -1.164459e-01  3.946686e-03  1.291164e-02 -2.394284e-03
484.396527   -2.739404e-01  1.394096e-02  2.224196e-02 -6.081929e-03
199.493640   -4.434931e-01  4.802259e-02 -1.399148e-03 -1.319928e-02
84.932800   -3.550100e-01  7.056396e-02 -5.126010e-02 -1.399297e-02
31.269506    4.618091e-02 -1.291062e-01  1.860926e-01  1.544915e-02
14.927389    2.986829e-01 -5.545629e-01  4.769693e-01  9.122190e-02
6.992823    1.419253e-01 -2.745905e-01  2.433191e-01  3.796281e-02
2.462917   -3.870944e-02  7.167345e-01  1.549871e-01 -1.607014e-01
0.952567   -3.568834e-02  5.220663e-01  9.867450e-02 -2.320266e-01
Cu  S
0.128761    1.000000e+00
Cu  S
0.045541    1.000000e+00
Cu  P
4175.598151   -7.424513e-04  3.591004e-04
988.120920   -6.345648e-03  3.111809e-03
319.081718   -3.318696e-02  1.630697e-02
120.526884   -1.194665e-01  6.100666e-02
50.013837   -2.874605e-01  1.511173e-01
21.927310   -4.051754e-01  2.317981e-01
9.915838   -2.541675e-01  6.096746e-02
4.124094   -7.715150e-02 -3.985983e-01
1.693343   -5.336849e-02 -5.396375e-01
Cu  P
0.641097    1.000000e+00
Cu  P
0.197635    1.000000e+00
Cu  D
113.966939    6.229007e-03
33.631704    4.287212e-02
12.189054    1.524489e-01
4.826795    3.101293e-01
1.895817    3.860132e-01
Cu  D
0.692675    1.000000e+00
Cu  D
0.221246    1.000000e+00
Cu  F
4.980410    1.000000e+00
Cu  F
1.228284    1.000000e+00
Cu  G
3.585451    1.000000e+00
