0  -10.8077231493674
1  -4.70746863004841
2  -16.1166198177029
3  -8.83866337576496
4  -7.01656288379151
5  -7.04006466680343
6  -7.02531629413226
7  -7.02902413255178
8  -6.58611769452854
9  -6.13024130566163
10  -6.74856645077336
11  -5.90029400648263
12  -6.39705326749284
13  -6.28249743961843
14  -5.15692363098956
15  -1.07250380898692
16  -6.09029214978008
17  -5.42659763092709
18  -5.93935206512836
19  -9.88426656350599
20  -7.8862939056329
21  -25.4575323623226
22  -27.9459141676659
23  -18.440215798213
24  -17.3179482413975
25   0.0797487752536076
26   11.2598504962099
27  -233.987242367065
28  -223.138841988122
29  -283.610588210951
30  -1091.07435882846
31  -61.2783643416314
32  -61.2783643416314
33  -61.2783643416314
34  -61.2783643416314
35  -61.2783643416314
36  -61.2783643416314
37  -3.05743011982608e-14
38  -8.87950613179024
39  -7.27670763694077
40  -7.21855655787816
41  -6.87637896849343
42  -6.71650380804794
43  -6.68191398255152
44  -6.68064468422394
45  -6.68793552574364
46  -6.71389785021754
47  -6.66700701612811
48  -6.6708239312824
49  -6.67497813885455
