0  -3.12694190824513
1  -2.84912476962207
2  -25.3113953237926
3  -8.91345553150483
4  -5.51633782931332
5  -4.93268015358089
6  -3.99748712082001
7  -3.80266522451125
8  -8.99483343676209
9  -18.9522200907655
10  -16.2438597259422
11  -6.71539256170338
12  -13.3224116085787
13  -10.4185241592201
14  -813.380647766821
15  -214.324029003429
16  -199.138146385988
17  -165.747383918935
18  -624.641215495738
19  -169.237347939903
20  -206601.975828673
21  -15.6127554001154
22  -15.6127554001154
23  -15.6127554001154
24  -15.6127554001154
25  -15.6127554001154
26  -15.6127554001154
27   1.83476756741678e-12
28  -2.29310778026719
29  -1.90307386543773
30  -1.86304863963508
31  -1.83952608515772
32  -1.82633491764949
33  -1.84964677784358
34  -1.75391317260787
35  -1.7920170928584
36  -1.8053661466932
37  -1.7071508626848
38  -1.72263435459935
39  -1.7067738469251
40  -1.67686142333231
41  -1.55540043451904
42  -1.5595765895978
43  -1.35224827100092
44  -1.4399551103019
45  -1.4965888322122
46  -1.44446945514926
47  -1.54220454714828
48  -1.45787941975395
49  -1.47866440960753
