0  -4.59940585376146
1  -7.99986569494269
2  -335.924412596294
3  -37.153903849901
4  -18.8519328506662
5  -13.4092270596893
6  -13.669928192043
7  -10.1858936313622
8  -151.619673099223
9  -138.411264515785
10  -168.98020662204
11  -199.444458411172
12  -150.738564485846
13  -64.7862278142927
14  -142135.028623064
15  -22.6123442789109
16  -22.6123442789109
17  -22.6123442789109
18  -22.6123442789109
19  -22.6123442789109
20  -22.6123442789109
21   1.49938308529589e-11
22  -3.26321277527929
23  -3.2430837799431
24  -2.56151461834557
25  -2.49927956196696
26  -2.5579310951381
27  -2.43372757524596
28  -2.00403999088267
29  -2.22393298116429
30  -2.05207890458094
31  -2.20706550056147
32  -2.1418369998508
33  -2.09589135596169
34  -2.1034654251643
35  -2.096883806004
36  -2.08251013113559
37  -2.10344306311117
38  -2.06464577571569
39  -2.06878097531996
40  -2.08493276756613
41  -2.07898075863687
42  -2.07546415774341
43  -2.07595009225177
44  -2.0763528665053
45  -2.07603242462127
46  -2.07617210886588
47  -2.07614701515571
48  -2.07612428884894
49  -2.07614314489354
